Centers of classes:
Class: A
Center: 
0 0 0 0 1 0 0 0 0 0 
0 0 0.67 0.33 0 0.33 0.67 0 0 0 
0 0 1 0 0 0 1 0 0 0 
0 0 1 0 0 0 1 0 0 0 
0 0 1 0 0 0 1 0 0 0 
0 0 1 0.67 0.67 0.67 1 0 0 0 
0 0 1 0 0 0 1 0 0 0 
0 0 1 0 0 0 1 0 0 0 
0 0 1 0 0 0 1 0 0 0 
0 0 1 0 0 0 1 0 0 0 

_________________________________________________
Class: t
Center: 
0 0 0 0 0 0 0 0 0 0 
0 0 0 0 1 0 0 0 0 0 
0 0 0 0 1 0 0 0 0 0 
0 0 0 0 1 0 0 0 0 0 
0 0 0 0 1 0 0 0 0 0 
0 0 1 0.67 1 1 1 0 0 0 
0 0 0 0 1 0 0 0 0 0 
0 0 0 0 1 0 0 0 0 0 
0 0 0 0 1 0.67 0.67 1 0 0 
0 0 0 0 0.33 0.33 0.33 0.33 0 0 

_________________________________________________
Class: v
Center: 
0.67 0.33 0 0 0 0 0 0 1 0 
0 1 0 0 0 0 0 0.33 0.67 0 
0 1 0 0 0 0 0 0.33 0.67 0 
0 1 0 0 0 0 0 0.33 0.67 0 
0 1 0 0 0 0 0 1 0 0 
0 0 1 0 0 0 1 0 0 0 
0 0 0 1 0 0.67 0.33 0 0 0 
0 0 0 0.33 1 0.33 0 0 0 0 
0 0 0 0 0.33 0 0 0 0 0 
0 0 0 0 0 0 0 0 0 0 

_________________________________________________
Class: F
Center: 
0 0 0 0 0 0 0 0 0 0 
0 0.67 0.67 0.67 0.33 0.33 0.33 0.33 0 0 
0 1 0.33 0.33 0.33 0.33 0.33 0.33 0.33 0.33 
0 1 0 0 0 0 0 0 0 0 
0 1 0 0 0 0 0 0 0 0 
0 1 1 1 1 1 0.67 0.67 0.33 0.33 
0 1 0 0 0 0 0 0 0 0 
0 1 0 0 0 0 0 0 0 0 
0 1 0 0 0 0 0 0 0 0 
0 1 0 0 0 0 0 0 0 0 

_________________________________________________
=================================================

Testing object:
0 0 0 1 0 0 0 0 0 0 
0 0 0 1 0 0 0 0 0 0 
0 0 1 0 1 0 0 0 0 0 
0 0 1 0 0 1 0 0 0 0 
0 0 1 0 0 1 0 0 0 0 
0 0 1 1 1 1 0 0 0 0 
0 0 0 0 0 1 0 0 0 0 
0 0 1 0 0 1 0 0 0 0 
0 0 1 0 0 1 0 0 0 0 
0 0 1 0 0 1 0 0 0 0 

Computing class distances:
Distance: 4.4 to class: A
Distance: 4.6 to class: t
Distance: 5.3 to class: v
Distance: 4.9 to class: F
Predicted class: A
~~~~~~~~~~~~~~~~~~~~~~~~~~~~~~~~~~~~~~~~~~~~~~~~
Testing object:
0 0 0 0 1 0 0 0 0 0 
0 0 0 0 1 0 0 0 0 0 
0 0 0 0 1 0 0 0 0 0 
0 0 0 0 1 0 0 0 0 0 
0 0 0 0 1 0 0 0 0 0 
1 1 1 1 1 1 1 0 0 0 
0 0 0 0 1 0 0 0 0 0 
0 0 0 0 1 0 0 0 0 0 
0 0 0 0 1 0 0 0 0 0 
0 0 0 0 0 0 0 0 0 0 

Computing class distances:
Distance: 4.9 to class: A
Distance: 2.3 to class: t
Distance: 4.6 to class: v
Distance: 4.3 to class: F
Predicted class: t
~~~~~~~~~~~~~~~~~~~~~~~~~~~~~~~~~~~~~~~~~~~~~~~~
Testing object:
0 0 0 0 0 0 0 0 0 0 
0 1 0 0 0 0 0 1 0 0 
0 1 0 0 0 0 0 1 0 0 
0 1 0 0 0 0 0 1 0 0 
0 1 0 0 0 0 0 1 0 0 
0 0 0 0 0 0 0 0 0 0 
0 0 0 1 0 1 0 0 0 0 
0 0 0 0 1 0 0 0 0 0 
0 0 0 0 0 0 0 0 0 0 
0 0 0 0 0 0 0 0 0 0 

Computing class distances:
Distance: 5.5 to class: A
Distance: 4.8 to class: t
Distance: 2.1 to class: v
Distance: 4.2 to class: F
Predicted class: v
~~~~~~~~~~~~~~~~~~~~~~~~~~~~~~~~~~~~~~~~~~~~~~~~
Testing object:
0 0 0 0 0 0 0 0 0 0 
0 0 0 0 0 0 0 0 0 0 
0 0 1 1 1 1 1 1 0 0 
0 1 0 0 0 0 0 0 0 0 
0 1 0 0 0 0 0 0 0 0 
0 0 0 0 0 0 0 0 0 0 
0 1 1 1 1 0 0 0 0 0 
0 1 0 0 0 0 0 0 0 0 
0 1 0 0 0 0 0 0 0 0 
0 1 0 0 0 0 0 0 0 0 

Computing class distances:
Distance: 5.3 to class: A
Distance: 5 to class: t
Distance: 4.6 to class: v
Distance: 3.7 to class: F
Predicted class: F
~~~~~~~~~~~~~~~~~~~~~~~~~~~~~~~~~~~~~~~~~~~~~~~~
