4 10
A 3
0 0 0 0 1 0 0 0 0 0
0 0 0 1 0 1 0 0 0 0
0 0 1 0 0 0 1 0 0 0
0 0 1 0 0 0 1 0 0 0
0 0 1 0 0 0 1 0 0 0
0 0 1 1 1 1 1 0 0 0
0 0 1 0 0 0 1 0 0 0
0 0 1 0 0 0 1 0 0 0
0 0 1 0 0 0 1 0 0 0
0 0 1 0 0 0 1 0 0 0 

0 0 0 0 1 0 0 0 0 0
0 0 1 0 0 0 1 0 0 0
0 0 1 0 0 0 1 0 0 0
0 0 1 0 0 0 1 0 0 0
0 0 1 0 0 0 1 0 0 0
0 0 1 1 1 1 1 0 0 0
0 0 1 0 0 0 1 0 0 0
0 0 1 0 0 0 1 0 0 0
0 0 1 0 0 0 1 0 0 0
0 0 1 0 0 0 1 0 0 0 

0 0 0 0 1 0 0 0 0 0
0 0 1 0 0 0 1 0 0 0
0 0 1 0 0 0 1 0 0 0
0 0 1 0 0 0 1 0 0 0
0 0 1 0 0 0 1 0 0 0
0 0 1 0 0 0 1 0 0 0
0 0 1 0 0 0 1 0 0 0
0 0 1 0 0 0 1 0 0 0
0 0 1 0 0 0 1 0 0 0
0 0 1 0 0 0 1 0 0 0

t 3
0 0 0 0 0 0 0 0 0 0
0 0 0 0 1 0 0 0 0 0
0 0 0 0 1 0 0 0 0 0
0 0 0 0 1 0 0 0 0 0
0 0 0 0 1 0 0 0 0 0
0 0 1 1 1 1 1 0 0 0
0 0 0 0 1 0 0 0 0 0
0 0 0 0 1 0 0 0 0 0
0 0 0 0 1 1 1 1 0 0
0 0 0 0 0 0 0 0 0 0

0 0 0 0 0 0 0 0 0 0
0 0 0 0 1 0 0 0 0 0
0 0 0 0 1 0 0 0 0 0
0 0 0 0 1 0 0 0 0 0
0 0 0 0 1 0 0 0 0 0
0 0 1 0 1 1 1 0 0 0
0 0 0 0 1 0 0 0 0 0
0 0 0 0 1 0 0 0 0 0
0 0 0 0 1 1 1 1 0 0
0 0 0 0 0 0 0 0 0 0 

0 0 0 0 0 0 0 0 0 0
0 0 0 0 1 0 0 0 0 0
0 0 0 0 1 0 0 0 0 0
0 0 0 0 1 0 0 0 0 0
0 0 0 0 1 0 0 0 0 0
0 0 1 1 1 1 1 0 0 0
0 0 0 0 1 0 0 0 0 0
0 0 0 0 1 0 0 0 0 0
0 0 0 0 1 0 0 1 0 0
0 0 0 0 1 1 1 1 0 0 

v 3
0 1 0 0 0 0 0 0 1 0
0 1 0 0 0 0 0 0 1 0
0 1 0 0 0 0 0 0 1 0
0 1 0 0 0 0 0 0 1 0
0 1 0 0 0 0 0 1 0 0
0 0 1 0 0 0 1 0 0 0
0 0 0 1 0 1 0 0 0 0
0 0 0 0 1 0 0 0 0 0
0 0 0 0 0 0 0 0 0 0
0 0 0 0 0 0 0 0 0 0  

1 0 0 0 0 0 0 0 1 0
0 1 0 0 0 0 0 1 0 0
0 1 0 0 0 0 0 1 0 0
0 1 0 0 0 0 0 1 0 0
0 1 0 0 0 0 0 1 0 0
0 0 1 0 0 0 1 0 0 0
0 0 0 1 0 1 0 0 0 0
0 0 0 0 1 0 0 0 0 0
0 0 0 0 0 0 0 0 0 0
0 0 0 0 0 0 0 0 0 0 

1 0 0 0 0 0 0 0 1 0
0 1 0 0 0 0 0 0 1 0
0 1 0 0 0 0 0 0 1 0
0 1 0 0 0 0 0 0 1 0
0 1 0 0 0 0 0 1 0 0
0 0 1 0 0 0 1 0 0 0
0 0 0 1 0 0 1 0 0 0
0 0 0 1 1 1 0 0 0 0
0 0 0 0 1 0 0 0 0 0
0 0 0 0 0 0 0 0 0 0

F 3
0 0 0 0 0 0 0 0 0 0
0 1 1 1 1 1 1 1 0 0
0 1 0 0 0 0 0 0 0 0
0 1 0 0 0 0 0 0 0 0
0 1 0 0 0 0 0 0 0 0
0 1 1 1 1 1 0 0 0 0
0 1 0 0 0 0 0 0 0 0
0 1 0 0 0 0 0 0 0 0
0 1 0 0 0 0 0 0 0 0
0 1 0 0 0 0 0 0 0 0

0 0 0 0 0 0 0 0 0 0
0 1 1 1 0 0 0 0 0 0
0 1 0 0 0 0 0 0 0 0
0 1 0 0 0 0 0 0 0 0
0 1 0 0 0 0 0 0 0 0
0 1 1 1 1 1 1 1 0 0
0 1 0 0 0 0 0 0 0 0
0 1 0 0 0 0 0 0 0 0
0 1 0 0 0 0 0 0 0 0
0 1 0 0 0 0 0 0 0 0

0 0 0 0 0 0 0 0 0 0
0 0 0 0 0 0 0 0 0 0
0 1 1 1 1 1 1 1 1 1
0 1 0 0 0 0 0 0 0 0
0 1 0 0 0 0 0 0 0 0
0 1 1 1 1 1 1 1 1 1
0 1 0 0 0 0 0 0 0 0
0 1 0 0 0 0 0 0 0 0
0 1 0 0 0 0 0 0 0 0
0 1 0 0 0 0 0 0 0 0
